3.433712015202419060e-02 5.545264023759369776e-01
7.761729562639119173e-02 5.776316691416010229e-01
1.208974711007581998e-01 1.247684405345858671e+00
1.641776465751252079e-01 6.238422026729288916e-01
2.074578220494922298e-01 1.386316005939842277e+00
2.507379975238592240e-01 1.363210739174180564e+00
2.940181729982261905e-01 1.455631806236834080e+00
3.372983484725932124e-01 1.686684473893474534e+00
3.805785239469602343e-01 1.270789672111521940e+00
4.238586994213272563e-01 8.548948703295692342e-01
4.671388748956942782e-01 6.469474694385938252e-01
5.104190503700611892e-01 8.548948703295703444e-01
5.536992258444282111e-01 7.162632697355850731e-01
5.969794013187952331e-01 7.624738032669131638e-01
6.402595767931622550e-01 1.293894938877185874e+00
6.835397522675292770e-01 2.010158208612771169e+00
7.268199277418962989e-01 1.940842408315778922e+00
7.701001032162633209e-01 1.871526608018786897e+00
8.133802786906303428e-01 1.409421272705506212e+00
8.566604541649973648e-01 5.776316691416009119e-01
