-8.962413354800776721e-01 7.198451617773583833e-02
-7.989982008215573694e-01 7.198451617773583833e-02
-7.017550661630370668e-01 1.851030415998921874e-01
-6.045119315045167641e-01 1.953865439109973012e-01
-5.072687968459964614e-01 1.851030415998921874e-01
-4.100256621874761587e-01 2.159535485332075289e-01
-3.127825275289558560e-01 2.776545623998382673e-01
-2.155393928704355533e-01 2.570875577776280396e-01
-1.182962582119152506e-01 2.673710600887331257e-01
-2.105312355339494790e-02 3.393555762664689501e-01
7.619001110512535480e-02 3.804895855108894609e-01
1.734331457636456575e-01 4.113400924442048301e-01
2.706762804221659602e-01 3.702060831997843748e-01
3.679194150806862629e-01 4.730411063108355685e-01
4.651625497392065656e-01 4.524741016886252853e-01
5.624056843977268683e-01 4.730411063108355685e-01
6.596488190562471710e-01 8.123966825773045741e-01
7.568919537147674736e-01 6.889946548440430973e-01
8.541350883732877763e-01 1.172319263465983807e+00
9.513782230318081901e-01 2.982215670220481396e+00
