-8.743324332433242141e-01 1.040370408906461375e-01
-7.782128212821282087e-01 1.040370408906461375e-01
-6.820932093209319813e-01 5.201852044532306873e-02
-5.859735973597359759e-01 9.363333680158152095e-02
-4.898539853985398040e-01 6.242222453438767832e-02
-3.937343734373436877e-01 1.144407449797107540e-01
-2.976147614761475713e-01 9.363333680158152095e-02
-2.014951495149514549e-01 1.144407449797107540e-01
-1.053755375537553385e-01 2.080740817812922749e-01
-9.255925592559222093e-03 2.392851940484861106e-01
8.686368636863683879e-02 2.184777858703571274e-01
1.829832983298329552e-01 3.953407553844549005e-01
2.791029102910291826e-01 3.745333472063256952e-01
3.752225222522252990e-01 5.097815003641666953e-01
4.713421342134213043e-01 5.513963167204251059e-01
5.674617461746174207e-01 6.554333576110699111e-01
6.635813581358136481e-01 8.010852148579743481e-01
7.597009700970097645e-01 1.040370408906462707e+00
8.558205820582057699e-01 1.581363021537823155e+00
9.519401940194018863e-01 3.089900114452186486e+00
