-9.449511153976261069e-01 5.216129736269679018e-01
-8.452603434476403388e-01 5.316439923505634768e-01
-7.455695714976545707e-01 4.614268612853946738e-01
-6.458787995476688026e-01 4.814888987325857683e-01
-5.461880275976830346e-01 4.614268612853949514e-01
-4.464972556476973775e-01 4.413648238382038569e-01
-3.468064836977116094e-01 5.416750110741589408e-01
-2.471157117477258414e-01 4.513958425617991543e-01
-1.474249397977400733e-01 4.714578800089902488e-01
-4.773416784775430521e-02 4.112717676674170209e-01
5.195660410223140735e-02 5.316439923505640319e-01
1.516473760522171199e-01 5.517060297977546268e-01
2.513381480022028880e-01 5.517060297977546268e-01
3.510289199521886561e-01 4.915199174561812878e-01
4.507196919021744241e-01 5.115819549033723268e-01
5.504104638521601922e-01 5.416750110741589408e-01
6.501012358021459603e-01 5.817990859685411298e-01
7.497920077521317284e-01 5.015509361797768628e-01
8.494827797021174964e-01 5.817990859685411298e-01
9.491735516521032645e-01 4.112717676674170209e-01
